0
8
16
24
33
41
49
57
65
73
81
89
98
107
115
123
130
136
144
153
161
168
176
185
193
202
210
218
226
233
240
248
256
264
272
279
287
295
303
311
319
327
335
343
351
359
367
376
384
393
402
411
420
427
434
443
450
458
467
475
482
491
500
508
517
526
533
541
549
558
566
574
583
590
598
606
614
622
630
638
645
654
661
669
677
684
692
699
707
715
724
731
739
747
755
763
771
779
787
796
804
813
821
829
837
845
853
860
868
876
884
892
900
908
916
924
933
940
947
955
963
970
979
987
995
1002
1010
1018
1026
1034
1042
1050
1058
1066
1074
1083
1091
1099
1108
1117
1125
1133
1142
1150
1159
